  Coriolis Zeta matrix for IXYZ=                     1 :
    2    1        0.0000000000
    3    1        0.0000000000
    3    2        0.0000000000
    4    1        0.0000000000
    4    2        0.0000000000
    4    3        0.0000000000
    5    1        0.0000000000
    5    2        0.0000000000
    5    3        0.0000000000
    5    4        0.0000000000
    6    1        0.0000000000
    6    2        0.0000000000
    6    3        0.0000000000
    6    4        0.0000000000
    6    5        0.0000000000
    7    1        0.0000000000
    7    2        0.0000000000
    7    3        0.0000000000
    7    4        0.0000000000
    7    5        0.0000000000
    7    6        0.0000000000
    8    1        0.0000000000
    8    2        0.0000000000
    8    3        0.0000000000
    8    4        0.0000000000
    8    5        0.0000000000
    8    6        0.0000000000
    8    7       -0.0000000000
    9    1        0.0000000000
    9    2        0.0000000000
    9    3        0.0000000000
    9    4        0.0000000000
    9    5        0.0000000000
    9    6        0.0000000000
    9    7        0.0000000000
    9    8       -0.2034635642
   10    1        0.0000000000
   10    2        0.0000000000
   10    3        0.0000000000
   10    4        0.0000000000
   10    5        0.0000000000
   10    6        0.0000000000
   10    7        0.0000000000
   10    8       -0.3475757703
   10    9        0.0000000000
   11    1        0.0000000000
   11    2        0.0000000000
   11    3        0.0000000000
   11    4        0.0000000000
   11    5        0.0000000000
   11    6        0.0000000000
   11    7        0.0000000000
   11    8       -0.9153106915
   11    9        0.0000000000
   11   10       -0.0000000000
   12    1        0.0000000000
   12    2        0.0000000000
   12    3        0.0000000000
   12    4        0.0000000000
   12    5        0.0000000000
   12    6        0.0000000000
   12    7       -0.0000000000
   12    8       -0.0000000000
   12    9       -0.9026384220
   12   10        0.4287328873
   12   11        0.0378416502
  Coriolis Zeta matrix for IXYZ=                     2 :
    2    1        0.0000000000
    3    1        0.0000000000
    3    2        0.0000000000
    4    1        0.0000000000
    4    2        0.0000000000
    4    3        0.0000000000
    5    1        0.0000000000
    5    2        0.0000000000
    5    3        0.0000000000
    5    4        0.0000000000
    6    1        0.0000000000
    6    2        0.0000000000
    6    3        0.0000000000
    6    4        0.0000000000
    6    5        0.0000000000
    7    1        0.0000000000
    7    2        0.0000000000
    7    3        0.0000000000
    7    4        0.0000000000
    7    5        0.0000000000
    7    6        0.0000000000
    8    1        0.0000000000
    8    2        0.0000000000
    8    3        0.0000000000
    8    4        0.0000000000
    8    5        0.0000000000
    8    6        0.0000000000
    8    7       -0.0000000000
    9    1        0.0000000000
    9    2        0.0000000000
    9    3        0.0000000000
    9    4        0.0000000000
    9    5        0.0000000000
    9    6        0.0000000000
    9    7       -0.6562139431
    9    8       -0.0000000000
   10    1        0.0000000000
   10    2        0.0000000000
   10    3        0.0000000000
   10    4        0.0000000000
   10    5        0.0000000000
   10    6        0.0000000000
   10    7        0.5479219764
   10    8        0.0000000000
   10    9        0.0000000000
   11    1        0.0000000000
   11    2        0.0000000000
   11    3        0.0000000000
   11    4        0.0000000000
   11    5        0.0000000000
   11    6        0.0000000000
   11    7        0.5188109180
   11    8        0.0000000000
   11    9       -0.0000000000
   11   10        0.0000000000
   12    1        0.0000000000
   12    2        0.0000000000
   12    3        0.0000000000
   12    4        0.0000000000
   12    5        0.0000000000
   12    6        0.0000000000
   12    7       -0.0000000000
   12    8       -0.0000000000
   12    9       -0.0000000000
   12   10        0.0000000000
   12   11        0.0000000000
  Coriolis Zeta matrix for IXYZ=                     3 :
    2    1        0.0000000000
    3    1        0.0000000000
    3    2        0.0000000000
    4    1        0.0000000000
    4    2        0.0000000000
    4    3        0.0000000000
    5    1        0.0000000000
    5    2        0.0000000000
    5    3        0.0000000000
    5    4        0.0000000000
    6    1        0.0000000000
    6    2        0.0000000000
    6    3        0.0000000000
    6    4        0.0000000000
    6    5        0.0000000000
    7    1        0.0000000000
    7    2        0.0000000000
    7    3        0.0000000000
    7    4        0.0000000000
    7    5        0.0000000000
    7    6        0.0000000000
    8    1        0.0000000000
    8    2        0.0000000000
    8    3        0.0000000000
    8    4        0.0000000000
    8    5        0.0000000000
    8    6        0.0000000000
    8    7       -0.5318019553
    9    1        0.0000000000
    9    2        0.0000000000
    9    3        0.0000000000
    9    4        0.0000000000
    9    5        0.0000000000
    9    6        0.0000000000
    9    7        0.0000000000
    9    8       -0.0000000000
   10    1        0.0000000000
   10    2        0.0000000000
   10    3        0.0000000000
   10    4        0.0000000000
   10    5        0.0000000000
   10    6        0.0000000000
   10    7       -0.0000000000
   10    8        0.0000000000
   10    9       -0.0000000000
   11    1        0.0000000000
   11    2        0.0000000000
   11    3        0.0000000000
   11    4        0.0000000000
   11    5        0.0000000000
   11    6        0.0000000000
   11    7        0.0000000000
   11    8        0.0000000000
   11    9        0.0000000000
   11   10        0.0000000000
   12    1        0.0000000000
   12    2        0.0000000000
   12    3        0.0000000000
   12    4        0.0000000000
   12    5        0.0000000000
   12    6        0.0000000000
   12    7       -0.8468687503
   12    8       -0.0000000000
   12    9        0.0000000000
   12   10       -0.0000000000
   12   11       -0.0000000000
