  1  8  7       -0.0000000000
  1  7  8        0.0000000000
  2  8  7       -0.0000000000
  2  7  8        0.0000000000
  3  8  7       -0.5318019553
  3  7  8        0.5318019553
  1  9  7        0.0000000000
  1  7  9       -0.0000000000
  2  9  7       -0.6562139431
  2  7  9        0.6562139431
  3  9  7        0.0000000000
  3  7  9       -0.0000000000
  1 10  7        0.0000000000
  1  7 10       -0.0000000000
  2 10  7        0.5479219764
  2  7 10       -0.5479219764
  3 10  7       -0.0000000000
  3  7 10        0.0000000000
  1 11  7        0.0000000000
  1  7 11       -0.0000000000
  2 11  7        0.5188109180
  2  7 11       -0.5188109180
  3 11  7        0.0000000000
  3  7 11       -0.0000000000
  1 12  7       -0.0000000000
  1  7 12        0.0000000000
  2 12  7       -0.0000000000
  2  7 12        0.0000000000
  3 12  7       -0.8468687503
  3  7 12        0.8468687503
  1  9  8       -0.2034635642
  1  8  9        0.2034635642
  2  9  8       -0.0000000000
  2  8  9        0.0000000000
  3  9  8       -0.0000000000
  3  8  9        0.0000000000
  1 10  8       -0.3475757703
  1  8 10        0.3475757703
  2 10  8        0.0000000000
  2  8 10       -0.0000000000
  3 10  8        0.0000000000
  3  8 10       -0.0000000000
  1 11  8       -0.9153106915
  1  8 11        0.9153106915
  2 11  8        0.0000000000
  2  8 11       -0.0000000000
  3 11  8        0.0000000000
  3  8 11       -0.0000000000
  1 12  8       -0.0000000000
  1  8 12        0.0000000000
  2 12  8       -0.0000000000
  2  8 12        0.0000000000
  3 12  8       -0.0000000000
  3  8 12        0.0000000000
  1 10  9        0.0000000000
  1  9 10       -0.0000000000
  2 10  9        0.0000000000
  2  9 10       -0.0000000000
  3 10  9       -0.0000000000
  3  9 10        0.0000000000
  1 11  9        0.0000000000
  1  9 11       -0.0000000000
  2 11  9       -0.0000000000
  2  9 11        0.0000000000
  3 11  9        0.0000000000
  3  9 11       -0.0000000000
  1 12  9       -0.9026384220
  1  9 12        0.9026384220
  2 12  9       -0.0000000000
  2  9 12        0.0000000000
  3 12  9        0.0000000000
  3  9 12       -0.0000000000
  1 11 10       -0.0000000000
  1 10 11        0.0000000000
  2 11 10        0.0000000000
  2 10 11       -0.0000000000
  3 11 10        0.0000000000
  3 10 11       -0.0000000000
  1 12 10        0.4287328873
  1 10 12       -0.4287328873
  2 12 10        0.0000000000
  2 10 12       -0.0000000000
  3 12 10       -0.0000000000
  3 10 12        0.0000000000
  1 12 11        0.0378416502
  1 11 12       -0.0378416502
  2 12 11        0.0000000000
  2 11 12       -0.0000000000
  3 12 11       -0.0000000000
  3 11 12        0.0000000000
