    7    7    9            58.7934130178
    8    8    9          -110.1662874236
    9    9    9            60.7810019770
    7    7   10           -19.4351322628
    8    8   10           -17.8134978766
    9    9   10          -100.3522183849
    9   10   10          -111.5613368413
   10   10   10          -573.1642189387
    7    7   11          -305.6838170556
    8    8   11          -224.9221777249
    9    9   11           -84.8132598587
    9   10   11            51.0525387729
   10   10   11           -60.3094313907
    9   11   11             1.6468732902
   10   11   11             6.0808822145
   11   11   11          1316.0849131648
    8    9   12          -189.6433337792
    8   10   12           133.4426484509
    8   11   12            16.0008072384
    9   12   12          -135.0892433053
   10   12   12           100.7562254253
   11   12   12          1388.9837212756
