  8  0  0       -0.0441512222
 12  0  0       -0.0640322203
  8  9  0        0.0084212169
  8 10  0        0.0007023475
  8 11  0        0.0046482324
  9  8  0        0.0084210366
  9 12  0       -0.0100029987
 10  8  0        0.0007022559
 10 12  0        0.0177035454
 11  8  0        0.0046481507
 11 12  0        0.0142621943
 12  9  0       -0.0100033739
 12 10  0        0.0177033754
 12 11  0        0.0142621688
  7  7  8       -0.0006200482
  7  7 12       -0.0018391151
  8  8  8       -0.0007491641
  8  8 12       -0.0016226440
  9  9  8        0.0028615208
  9  9 12       -0.0005925409
 10 10  8        0.0007822016
 10 10 12       -0.0020957926
 11 11  8       -0.0005133445
 11 11 12       -0.0010298486
 12 12  8       -0.0034883581
 12 12 12        0.0013259914
