  9  0  0       -0.0370212116
 10  0  0       -0.0986762073
 11  0  0       -0.0509817893
  7  7  0        0.0210661631
  8  8  0        0.0049403166
  8 12  0        0.0044967077
  9  9  0        0.0089320712
  9 10  0       -0.0052004446
  9 11  0       -0.0001123743
 10  9  0       -0.0052005624
 10 10  0        0.0113851625
 10 11  0        0.0099766918
 11  9  0       -0.0001122435
 11 10  0        0.0099767015
 11 11  0        0.0060654748
 12  8  0        0.0044973327
 12 12  0        0.0164477859
  7  7  9       -0.0014043226
  7  7 10        0.0006573717
  7  7 11        0.0018641182
  8  8  9       -0.0025643875
  8  8 10        0.0001681100
  8  8 11        0.0005214565
  9  9  9       -0.0021966191
  9  9 10       -0.0000993470
  9  9 11        0.0000400384
 10 10  9        0.0006138300
 10 10 10       -0.0015971671
 10 10 11       -0.0008473871
 11 11  9       -0.0001410974
 11 11 10       -0.0001490536
 11 11 11        0.0006690480
 12 12  9        0.0031184395
 12 12 10       -0.0031941037
 12 12 11       -0.0006955185
