    4   12
        0.0235439460        0.0000000000        0.0000000000
       -0.0713926292        0.0000000000        0.0000000000
        0.0239243417        0.0000000000        0.0000000000
        0.0239243417        0.0000000000        0.0000000000
        0.0000000000        0.0867782973        0.0000000000
        0.0000000000       -0.1226635637        0.0000000000
        0.0000000000        0.0179426332        0.0438799174
        0.0000000000        0.0179426332       -0.0438799174
        0.0000000000        0.0000000000        1.0617522013
        0.0000000000        0.0000000000       -0.9661974179
        0.0000000000        0.0179466683       -0.0477773918
        0.0000000000       -0.0179466683       -0.0477773918
       -0.0713926292        0.0000000000        0.0000000000
        0.2164859815        0.0000000000        0.0000000000
       -0.0725466761        0.0000000000        0.0000000000
       -0.0725466761        0.0000000000        0.0000000000
        0.0000000000       -0.1226635637        0.0000000000
        0.0000000000        0.6600181294        0.0000000000
        0.0000000000       -0.2686772829        0.0899801564
        0.0000000000       -0.2686772829       -0.0899801564
        0.0000000000        0.0000000000       -0.9661974179
        0.0000000000        0.0000000000        1.1899599040
        0.0000000000        0.0886574029       -0.1118812430
        0.0000000000       -0.0886574029       -0.1118812430
        0.0239243417        0.0000000000        0.0000000000
       -0.0725466761        0.0000000000        0.0000000000
        0.0243112063        0.0000000000        0.0000000000
        0.0243111282        0.0000000000        0.0000000000
        0.0000000000        0.0179426332        0.0179466683
        0.0000000000       -0.2686772829        0.0886574029
        0.0000000000        0.2716238239       -0.1202320725
        0.0000000000       -0.0208891742        0.0136280013
        0.0000000000        0.0438799174       -0.0477773918
        0.0000000000        0.0899801564       -0.1118812430
        0.0000000000       -0.1202320725        0.1494986936
        0.0000000000       -0.0136280013        0.0101599412
        0.0239243417        0.0000000000        0.0000000000
       -0.0725466761        0.0000000000        0.0000000000
        0.0243111282        0.0000000000        0.0000000000
        0.0243112063        0.0000000000        0.0000000000
        0.0000000000        0.0179426332       -0.0179466683
        0.0000000000       -0.2686772829       -0.0886574029
        0.0000000000       -0.0208891742       -0.0136280013
        0.0000000000        0.2716238239        0.1202320725
        0.0000000000       -0.0438799174       -0.0477773918
        0.0000000000       -0.0899801564       -0.1118812430
        0.0000000000        0.0136280013        0.0101599412
        0.0000000000        0.1202320725        0.1494986936
