        0.0000000112        0.1824800898        0.0002114518
        0.0000000112        0.1826037129        0.0002114518
        0.0000000112        0.1826645411        0.0003088191
        0.0000000113        0.1826645411        0.0001140845
        0.0000000284        0.0002114377       -0.1825419245
        0.0000000285        0.0002114658       -0.1825419245
        0.0000000287        0.0002114797       -0.1825419023
        0.0000000283        0.0002114797       -0.1825419466
        0.1826102267       -0.0000000112        0.0000000285
        0.1824738563       -0.0000000113        0.0000000285
        0.1824067557       -0.0000000113        0.0000000284
        0.1824067557       -0.0000000113        0.0000000285
        0.1667789001       -0.0000000002       -0.0000000000
       -0.1668801271        0.0000000002       -0.0000000000
       -0.3310553531        0.0000000005        0.0000000003
       -0.3310553531        0.0000000005       -0.0000000004
        0.0000000002        0.1563994965        0.0000000672
       -0.0000000003       -0.1562101646        0.0000000672
       -0.0000000004       -0.3100281395       -0.2462155762
       -0.0000000005       -0.3100281395        0.2462157106
        0.0000000000        0.0000000000        0.0000000000
        0.0000000000        0.0000000000        0.0000000000
        0.7043563448        0.0000000000        0.0000000001
       -0.7043563447        0.0000000000        0.0000000000
        0.0368534207       -0.0000000000       -0.0000000000
       -0.1489551888        0.0000000000        0.0000000000
        0.5943466909       -0.0000000000       -0.0000000000
        0.5943466909        0.0000000000       -0.0000000000
        0.0000000000        0.0689927799       -0.0000000000
       -0.0000000000       -0.1285945136        0.0000000000
        0.0000000000        0.2180936789        0.5588664635
        0.0000000000        0.2180936789       -0.5588664635
       -0.0000000000       -0.0000000000        0.0731542782
        0.0000000000        0.0000000000        0.0004364596
       -0.0000000000       -0.3371049999       -0.5831041647
       -0.0000000000        0.3371049999       -0.5831041647
        0.0000000000        0.0000000000        0.1544231137
       -0.0000000000       -0.0000000000       -0.2158075313
        0.0000000000        0.1615319558        0.0593882128
        0.0000000000       -0.1615319558        0.0593882128
        0.0000000000       -0.0000000000        0.0004750485
       -0.0000000000        0.0000000000       -0.0586400321
        0.0000000000       -0.5969803235        0.3453387246
        0.0000000000        0.5969803235        0.3453387246
       -0.0000000000        0.0001923817        0.0000000000
        0.0000000000       -0.0951367868       -0.0000000000
       -0.0000000000        0.5648620903       -0.3509472664
       -0.0000000000        0.5648620903        0.3509472664
