  7    7    7    7             117.1411589855
  8    8    7    7              25.3200582441
 12    8    7    7              -2.3959069767
  9    9    7    7              10.5495731797
 10    9    7    7             -10.5211599762
 11    9    7    7              15.3306446790
  9   10    7    7             -10.5211748804
 10   10    7    7             -12.3972851937
 11   10    7    7             -16.8546458925
  9   11    7    7              15.3306538590
 10   11    7    7             -16.8546392007
 11   11    7    7            -249.9302076732
  8   12    7    7              -2.3958633901
 12   12    7    7            -294.2845085744
  7    7    8    8              25.3213050588
  8    8    8    8              82.6321261463
 12    8    8    8             -28.6857129706
  9    9    8    8              36.7311790745
 10    9    8    8             -17.6489052701
 11    9    8    8             -28.4410705479
  9   10    8    8             -17.6489024705
 10   10    8    8              -1.9375085894
 11   10    8    8              -8.6974736681
  9   11    8    8             -28.4410644314
 10   11    8    8              -8.6974966666
 11   11    8    8            -198.0977620782
  8   12    8    8             -28.6856865642
 12   12    8    8            -207.5546384774
  7    7    9    9              10.5503136669
  8    8    9    9              36.7318481278
 12    8    9    9              15.2491383571
  9    9    9    9              12.3275384921
 10    9    9    9              -8.5556719245
 11    9    9    9              21.8389543494
  9   10    9    9              -8.5556719118
 10   10    9    9              12.4439119078
 11   10    9    9             -19.8158386633
  9   11    9    9              21.8389543437
 10   11    9    9             -19.8158386747
 11   11    9    9            -140.2864907980
  8   12    9    9              15.2491383617
 12   12    9    9            -188.3693882696
  7    7   10   10             -12.3978691384
  8    8   10   10              -1.9368530225
 12    8   10   10               1.8964615517
  9    9   10   10              12.4444639406
 10    9   10   10              33.3201956638
 11    9   10   10              12.0732912461
  9   10   10   10              33.3201956816
 10   10   10   10             155.9931488461
 11   10   10   10              11.1731927844
  9   11   10   10              12.0732912340
 10   11   10   10              11.1731927672
 11   11   10   10             -25.0418507750
  8   12   10   10               1.8964615538
 12   12   10   10             -47.8615170066
  7    7   11   11            -249.9631866674
  8    8   11   11            -198.1190785734
 12    8   11   11               8.2965720884
  9    9   11   11            -140.3027800021
 10    9   11   11              61.1426577972
 11    9   11   11               1.2331386213
  9   10   11   11              61.1426578161
 10   10   11   11             -25.0437171025
 11   10   11   11               3.2859019995
  9   11   11   11               1.2331386082
 10   11   11   11               3.2859019804
 11   11   11   11             500.6685530425
  8   12   11   11               8.2965720949
 12   12   11   11             543.5048471287
  7    7   12   12            -294.3216428986
  8    8   12   12            -207.5775108126
 12    8   12   12             -45.9818923831
  9    9   12   12            -188.3885242298
 10    9   12   12              85.7628052970
 11    9   12   12             -42.0553609940
  9   10   12   12              85.7628062487
 10   10   12   12             -47.8634298859
 11   10   12   12              20.5211977921
  9   11   12   12             -42.0553559028
 10   11   12   12              20.5211738477
 11   11   12   12             543.5060217659
  8   12   12   12             -45.9818611452
 12   12   12   12             579.1432087648
