  1  8  7        0.0000000000
  1  7  8       -0.0000000000
  2  8  7       -0.0000000000
  2  7  8        0.0000000000
  3  8  7       -0.5228572855
  3  7  8        0.5228572855
  1  9  7        0.0000000000
  1  7  9       -0.0000000000
  2  9  7       -0.6178539634
  2  7  9        0.6178539634
  3  9  7       -0.0000000000
  3  7  9        0.0000000000
  1 10  7        0.0000000000
  1  7 10       -0.0000000000
  2 10  7        0.5988145814
  2  7 10       -0.5988145814
  3 10  7        0.0000000000
  3  7 10       -0.0000000000
  1 11  7       -0.0000000000
  1  7 11        0.0000000000
  2 11  7       -0.5095856915
  2  7 11        0.5095856915
  3 11  7       -0.0000000000
  3  7 11        0.0000000000
  1 12  7       -0.0000000000
  1  7 12        0.0000000000
  2 12  7        0.0000000000
  2  7 12       -0.0000000000
  3 12  7       -0.8524202361
  3  7 12        0.8524202361
  1  9  8       -0.2305944921
  1  8  9        0.2305944921
  2  9  8       -0.0000000000
  2  8  9        0.0000000000
  3  9  8       -0.0000000000
  3  8  9        0.0000000000
  1 10  8       -0.3330328893
  1  8 10        0.3330328893
  2 10  8        0.0000000000
  2  8 10       -0.0000000000
  3 10  8       -0.0000000000
  3  8 10        0.0000000000
  1 11  8        0.9142840231
  1  8 11       -0.9142840231
  2 11  8       -0.0000000000
  2  8 11        0.0000000000
  3 11  8       -0.0000000000
  3  8 11        0.0000000000
  1 12  8       -0.0000000000
  1  8 12        0.0000000000
  2 12  8       -0.0000000000
  2  8 12        0.0000000000
  3 12  8       -0.0000000000
  3  8 12        0.0000000000
  1 10  9       -0.0000000000
  1  9 10        0.0000000000
  2 10  9       -0.0000000000
  2  9 10        0.0000000000
  3 10  9        0.0000000000
  3  9 10       -0.0000000000
  1 11  9       -0.0000000000
  1  9 11        0.0000000000
  2 11  9       -0.0000000000
  2  9 11        0.0000000000
  3 11  9        0.0000000000
  3  9 11       -0.0000000000
  1 12  9       -0.8662651877
  1  9 12        0.8662651877
  2 12  9       -0.0000000000
  2  9 12        0.0000000000
  3 12  9        0.0000000000
  3  9 12       -0.0000000000
  1 11 10        0.0000000000
  1 10 11       -0.0000000000
  2 11 10        0.0000000000
  2 10 11       -0.0000000000
  3 11 10        0.0000000000
  3 10 11       -0.0000000000
  1 12 10        0.4982118992
  1 10 12       -0.4982118992
  2 12 10        0.0000000000
  2 10 12       -0.0000000000
  3 12 10        0.0000000000
  3 10 12       -0.0000000000
  1 12 11       -0.0370071355
  1 11 12        0.0370071355
  2 12 11       -0.0000000000
  2 11 12        0.0000000000
  3 12 11        0.0000000000
  3 11 12       -0.0000000000
