  Coriolis Zeta matrix for IXYZ=                     1 :
    2    1        0.0000000000
    3    1        0.0000000000
    3    2        0.0000000000
    4    1        0.0000000000
    4    2        0.0000000000
    4    3        0.0000000000
    5    1        0.0000000000
    5    2        0.0000000000
    5    3        0.0000000000
    5    4        0.0000000000
    6    1        0.0000000000
    6    2        0.0000000000
    6    3        0.0000000000
    6    4        0.0000000000
    6    5        0.0000000000
    7    1        0.0000000000
    7    2        0.0000000000
    7    3        0.0000000000
    7    4        0.0000000000
    7    5        0.0000000000
    7    6        0.0000000000
    8    1        0.0000000000
    8    2        0.0000000000
    8    3        0.0000000000
    8    4        0.0000000000
    8    5        0.0000000000
    8    6        0.0000000000
    8    7        0.0000000000
    9    1        0.0000000000
    9    2        0.0000000000
    9    3        0.0000000000
    9    4        0.0000000000
    9    5        0.0000000000
    9    6        0.0000000000
    9    7        0.0000000000
    9    8       -0.2305944921
   10    1        0.0000000000
   10    2        0.0000000000
   10    3        0.0000000000
   10    4        0.0000000000
   10    5        0.0000000000
   10    6        0.0000000000
   10    7        0.0000000000
   10    8       -0.3330328893
   10    9       -0.0000000000
   11    1        0.0000000000
   11    2        0.0000000000
   11    3        0.0000000000
   11    4        0.0000000000
   11    5        0.0000000000
   11    6        0.0000000000
   11    7       -0.0000000000
   11    8        0.9142840231
   11    9       -0.0000000000
   11   10        0.0000000000
   12    1        0.0000000000
   12    2        0.0000000000
   12    3        0.0000000000
   12    4        0.0000000000
   12    5        0.0000000000
   12    6        0.0000000000
   12    7       -0.0000000000
   12    8       -0.0000000000
   12    9       -0.8662651877
   12   10        0.4982118992
   12   11       -0.0370071355
  Coriolis Zeta matrix for IXYZ=                     2 :
    2    1        0.0000000000
    3    1        0.0000000000
    3    2        0.0000000000
    4    1        0.0000000000
    4    2        0.0000000000
    4    3        0.0000000000
    5    1        0.0000000000
    5    2        0.0000000000
    5    3        0.0000000000
    5    4        0.0000000000
    6    1        0.0000000000
    6    2        0.0000000000
    6    3        0.0000000000
    6    4        0.0000000000
    6    5        0.0000000000
    7    1        0.0000000000
    7    2        0.0000000000
    7    3        0.0000000000
    7    4        0.0000000000
    7    5        0.0000000000
    7    6        0.0000000000
    8    1        0.0000000000
    8    2        0.0000000000
    8    3        0.0000000000
    8    4        0.0000000000
    8    5        0.0000000000
    8    6        0.0000000000
    8    7       -0.0000000000
    9    1        0.0000000000
    9    2        0.0000000000
    9    3        0.0000000000
    9    4        0.0000000000
    9    5        0.0000000000
    9    6        0.0000000000
    9    7       -0.6178539634
    9    8       -0.0000000000
   10    1        0.0000000000
   10    2        0.0000000000
   10    3        0.0000000000
   10    4        0.0000000000
   10    5        0.0000000000
   10    6        0.0000000000
   10    7        0.5988145814
   10    8        0.0000000000
   10    9       -0.0000000000
   11    1        0.0000000000
   11    2        0.0000000000
   11    3        0.0000000000
   11    4        0.0000000000
   11    5        0.0000000000
   11    6        0.0000000000
   11    7       -0.5095856915
   11    8       -0.0000000000
   11    9       -0.0000000000
   11   10        0.0000000000
   12    1        0.0000000000
   12    2        0.0000000000
   12    3        0.0000000000
   12    4        0.0000000000
   12    5        0.0000000000
   12    6        0.0000000000
   12    7        0.0000000000
   12    8       -0.0000000000
   12    9       -0.0000000000
   12   10        0.0000000000
   12   11       -0.0000000000
  Coriolis Zeta matrix for IXYZ=                     3 :
    2    1        0.0000000000
    3    1        0.0000000000
    3    2        0.0000000000
    4    1        0.0000000000
    4    2        0.0000000000
    4    3        0.0000000000
    5    1        0.0000000000
    5    2        0.0000000000
    5    3        0.0000000000
    5    4        0.0000000000
    6    1        0.0000000000
    6    2        0.0000000000
    6    3        0.0000000000
    6    4        0.0000000000
    6    5        0.0000000000
    7    1        0.0000000000
    7    2        0.0000000000
    7    3        0.0000000000
    7    4        0.0000000000
    7    5        0.0000000000
    7    6        0.0000000000
    8    1        0.0000000000
    8    2        0.0000000000
    8    3        0.0000000000
    8    4        0.0000000000
    8    5        0.0000000000
    8    6        0.0000000000
    8    7       -0.5228572855
    9    1        0.0000000000
    9    2        0.0000000000
    9    3        0.0000000000
    9    4        0.0000000000
    9    5        0.0000000000
    9    6        0.0000000000
    9    7       -0.0000000000
    9    8       -0.0000000000
   10    1        0.0000000000
   10    2        0.0000000000
   10    3        0.0000000000
   10    4        0.0000000000
   10    5        0.0000000000
   10    6        0.0000000000
   10    7        0.0000000000
   10    8       -0.0000000000
   10    9        0.0000000000
   11    1        0.0000000000
   11    2        0.0000000000
   11    3        0.0000000000
   11    4        0.0000000000
   11    5        0.0000000000
   11    6        0.0000000000
   11    7       -0.0000000000
   11    8       -0.0000000000
   11    9        0.0000000000
   11   10        0.0000000000
   12    1        0.0000000000
   12    2        0.0000000000
   12    3        0.0000000000
   12    4        0.0000000000
   12    5        0.0000000000
   12    6        0.0000000000
   12    7       -0.8524202361
   12    8       -0.0000000000
   12    9        0.0000000000
   12   10        0.0000000000
   12   11        0.0000000000
