    7    7    9            58.8153873844
    8    8    9          -111.5896869837
    9    9    9            27.5098032244
    7    7   10           -49.2188717634
    8    8   10           -20.8082347790
    9    9   10          -123.5867266656
    9   10   10          -131.6797088498
   10   10   10          -559.3626490172
    7    7   11           338.5508133927
    8    8   11           230.8069063229
    9    9   11            75.0354786645
    9   10   11           -57.0165343967
   10   10   11            69.7208468070
    9   11   11             1.1875146277
   10   11   11            20.1878244441
   11   11   11         -1350.9416733156
    8    9   12          -185.4715816122
    8   10   12           145.7213520667
    8   11   12             1.3502219210
    9   12   12          -128.0527975503
   10   12   12           125.0352881229
   11   12   12         -1423.2174235505
