  8  0  0       -0.0330859923
 12  0  0       -0.0636927396
  8  9  0        0.0085413841
  8 10  0        0.0001215908
  8 11  0       -0.0034130513
  9  8  0        0.0085411884
  9 12  0       -0.0080582790
 10  8  0        0.0001215350
 10 12  0        0.0179875656
 11  8  0       -0.0034130079
 11 12  0       -0.0151870409
 12  9  0       -0.0080586116
 12 10  0        0.0179872628
 12 11  0       -0.0151869746
  7  7  8       -0.0004310925
  7  7 12       -0.0021176038
  8  8  8       -0.0005811023
  8  8 12       -0.0017156685
  9  9  8        0.0026206310
  9  9 12       -0.0007550427
 10 10  8        0.0010430983
 10 10 12       -0.0019743070
 11 11  8       -0.0000715484
 11 11 12       -0.0008123426
 12 12  8       -0.0031686958
 12 12 12        0.0018433983
