  9  0  0       -0.0298562250
 10  0  0       -0.0716366631
 11  0  0        0.0499517823
  7  7  0        0.0237652028
  8  8  0        0.0060363364
  8 12  0        0.0028206515
  9  9  0        0.0092299467
  9 10  0       -0.0025711085
  9 11  0       -0.0010958642
 10  9  0       -0.0025712225
 10 10  0        0.0148902438
 10 11  0       -0.0097306233
 11  9  0       -0.0010960026
 11 10  0       -0.0097306476
 11 11  0        0.0069864079
 12  8  0        0.0028213874
 12 12  0        0.0181356826
  7  7  9       -0.0013415213
  7  7 10        0.0007864304
  7  7 11       -0.0020995796
  8  8  9       -0.0024058150
  8  8 10        0.0002543358
  8  8 11       -0.0002177765
  9  9  9       -0.0022823148
  9  9 10        0.0003721263
  9  9 11       -0.0001597977
 10 10  9        0.0004786912
 10 10 10       -0.0014705585
 10 10 11        0.0006198146
 11 11  9       -0.0001619388
 11 11 10        0.0001822808
 11 11 11       -0.0005802051
 12 12  9        0.0025680721
 12 12 10       -0.0031058604
 12 12 11        0.0004981364
