  7    7    7    7             146.6828049669
  8    8    7    7              29.9580982454
 12    8    7    7              -0.1955884347
  9    9    7    7              10.0172410751
 10    9    7    7             -12.2078270732
 11    9    7    7             -16.5754400595
  9   10    7    7             -12.2078270732
 10   10    7    7             -11.6163811430
 11   10    7    7              25.8631319117
  9   11    7    7             -16.5754400595
 10   11    7    7              25.8631319116
 11   11    7    7            -282.1675440927
  8   12    7    7              -0.1955884347
 12   12    7    7            -331.4923756129
  7    7    8    8              29.9523333897
  8    8    8    8              85.7272013226
 12    8    8    8             -22.4229456331
  9    9    8    8              34.5823405575
 10    9    8    8             -19.9132854838
 11    9    8    8              25.9982712345
  9   10    8    8             -19.9132854838
 10   10    8    8               2.1764487288
 11   10    8    8              11.2667878667
  9   11    8    8              25.9982712345
 10   11    8    8              11.2667878667
 11   11    8    8            -213.1263531340
  8   12    8    8             -22.4229456331
 12   12    8    8            -223.4667466455
  7    7    9    9              10.0165413268
  8    8    9    9              34.5816983329
 12    8    9    9              15.5237184703
  9    9    9    9               4.9349812523
 10    9    9    9              -2.6085668507
 11    9    9    9             -17.6916249249
  9   10    9    9              -2.6085668507
 10   10    9    9              20.1727625460
 11   10    9    9              22.1327469336
  9   11    9    9             -17.6916249249
 10   11    9    9              22.1327469336
 11   11    9    9            -138.9799265255
  8   12    9    9              15.5237184703
 12   12    9    9            -186.2826905308
  7    7   10   10             -11.6176426455
  8    8   10   10               2.1771087524
 12    8   10   10               9.8721642394
  9    9   10   10              20.1728435664
 10    9   10   10              43.7142208329
 11    9   10   10             -17.8260513441
  9   10   10   10              43.7142208329
 10   10   10   10             156.2203988872
 11   10   10   10              -6.1963322338
  9   11   10   10             -17.8260513441
 10   11   10   10              -6.1963322338
 11   11   10   10             -36.9775998982
  8   12   10   10               9.8721642394
 12   12   10   10             -62.3654510145
  7    7   11   11            -282.2086416487
  8    8   11   11            -213.1458978522
 12    8   11   11               0.3435338934
  9    9   11   11            -138.9948133021
 10    9   11   11              73.8298240684
 11    9   11   11               3.1869138180
  9   10   11   11              73.8298240684
 10   10   11   11             -36.9792291918
 11   10   11   11             -11.6949891738
  9   11   11   11               3.1869138180
 10   11   11   11             -11.6949891738
 11   11   11   11             533.7710485453
  8   12   11   11               0.3435338934
 12   12   11   11             576.3344282363
  7    7   12   12            -331.5419219934
  8    8   12   12            -223.4874769832
 12    8   12   12             -56.1852620476
  9    9   12   12            -186.3021805091
 10    9   12   12             100.7482019653
 11    9   12   12              47.7763300599
  9   10   12   12             100.7482019653
 10   10   12   12             -62.3667582613
 11   10   12   12             -35.8839476730
  9   11   12   12              47.7763300599
 10   11   12   12             -35.8839476730
 11   11   12   12             576.3363621735
  8   12   12   12             -56.1852620476
 12   12   12   12             612.4100276602
